1.54999999999995
1.98333333333335
2.36666666666667
2.51666666666665
2.86666666666667
0.916666666666742
1.08333333333337
0.700000000000045
1.20000000000005
1.65000000000009
2.26666666666665
4.01666666666665
4.06666666666661
3.25
3
1.5
2

0.516666666666652
0.399999999999977
0.933333333333394
0.31666666666672
0.516666666666652
0.616666666666674
0.583333333333371
0.600000000000023
1.44999999999993
0.283333333333303
0.266666666666652
0.81666666666672
1.20000000000005
0.283333333333417
0.683333333333394
0.666666666666742
0.966666666666697
0.333333333333258

0.800000000000068
1.35000000000002
0.649999999999977
1.0333333333333
0.449999999999932
0.299999999999955
0.683333333333394
0.666666666666742
0.516666666666765
1.08333333333337
1.64999999999998
0.666666666666629
0.816666666666606
0.133333333333326
0.216666666666697

1.01666666666665
0.483333333333348
0.483333333333348
0.416666666666629
0.950000000000045
0.899999999999977
0.383333333333326
0.883333333333326
4.60000000000002
0.733333333333348
0.31666666666672
0.433333333333394
0.300000000000068
0.416666666666629
0.0166666666666515
0.699999999999932
1.91666666666663
0.966666666666583
1.2833333333333
0.166666666666742

2.09999999999991
0.833333333333485
2.11666666666656
0.333333333333258
0.5
0.633333333333212
0.166666666666742
0.766666666666652
0.433333333333394
0.450000000000045
0.333333333333258
0.666666666666742
1.45000000000005
0.633333333333212
0.399999999999864
0.399999999999864
0.383333333333439
1
0.733333333333348
2.25
2.08333333333326
1.63333333333321
0.583333333333258

0.616666666666561
0.116666666666674
0.449999999999932
0.216666666666697
1.06666666666672
0.550000000000068
0.916666666666629
0.233333333333348
0.399999999999977
0.450000000000045

2.06666666666666
0.399999999999977
0.25
1.08333333333331
0.333333333333314
0.683333333333337
1.48333333333335
0.666666666666629
1.26666666666671
0.383333333333326

0.266666666666652
0.600000000000023
0.966666666666583
0.183333333333394
0.383333333333326
0.733333333333348
0.949999999999932
1.21666666666658
0.616666666666674
0.549999999999955
0.350000000000023
1.31666666666672
0.449999999999932
1.76666666666665
0.416666666666629
1.11666666666667
0.366666666666674
0.56666666666672
0.833333333333371
0.516666666666652
1

0.666666666666629
0.100000000000023
0.766666666666652
0.433333333333394
0.266666666666652
0.5
0.333333333333258
0.383333333333326
0.466666666666697
1.2166666666667
0.18333333333328
0.616666666666674
0.383333333333439
0.25
0.549999999999955
0.383333333333326
1.08333333333337
0.733333333333348
0.399999999999977
0.583333333333258
0.633333333333439
0.466666666666697
1.66666666666674
0.266666666666652
0.283333333333417
0.233333333333348
0.700000000000045
0.399999999999977
2.45000000000005
0.483333333333235
0.81666666666672