0.950000000000045
1.44999999999993
1.16666666666663
1.35000000000002
1.43333333333328
1.88333333333333
1.2833333333333
1
2.98333333333335
2.76666666666665
3.26666666666665
2.06666666666661
1.7166666666667
2.39999999999998
2.70000000000005
4.69999999999993
4.44999999999993
3.7833333333333
3.61666666666667
1.4666666666667
1.53333333333342
2.88333333333333
2.93333333333339
3.60000000000002
3.5

0.933333333333394
0.616666666666674
0.583333333333258
0.516666666666652
0.550000000000068
1.26666666666665
0.666666666666742
0.266666666666652
0.366666666666674
0.649999999999977
0.68333333333328
0.283333333333303
0.5
0.43333333333328
0.266666666666652
0.18333333333328
0.299999999999955
0.75

0.43333333333328
0.616666666666674
0.25
0.483333333333348
0.700000000000045
0.18333333333328
1.18333333333339
0.849999999999909
0.516666666666652
0.416666666666742
0.533333333333303
0.616666666666674
0.883333333333326
0.416666666666742
0.533333333333417

0.433333333333394
0.216666666666697
0.333333333333485
0.833333333333258
0.666666666666742
0.700000000000045
0.766666666666652
2.25
0.483333333333348
0.583333333333258
0.416666666666742
1.5333333333333
1.2166666666667
0.516666666666652
0.366666666666561
0.533333333333303
0.616666666666561

1.36666666666667
0.449999999999989
0.366666666666674
0.316666666666663
0.566666666666663
0.366666666666674
0.5
0.150000000000034
0.21666666666664
0.233333333333348
0.616666666666674
0.566666666666663
0.650000000000034
0.583333333333314
0.31666666666672
0.5
0.350000000000023

0.900000000000006
1.03333333333333
0.383333333333326
0.533333333333331
0.283333333333331
0.433333333333337
0.349999999999994
0.349999999999994
0.566666666666663
0.63333333333334
1.18333333333332
0.399999999999991
0.25
0.450000000000003
0.383333333333326
0.716666666666669
0.533333333333331
0.549999999999997
0.61666666666666
0.633333333333326

0.666666666666629
2.5333333333333
0.75
0.483333333333348
0.383333333333326
0.449999999999932
0.283333333333303
0.483333333333348
0.516666666666652
0.56666666666672
0.383333333333326
0.316666666666606
0.366666666666674
0.416666666666629
0.466666666666583
0.916666666666629
0.733333333333348
0.216666666666583
0.81666666666672
0.583333333333371
0.566666666666606
0.549999999999955
0.416666666666629
0.649999999999977
0.733333333333348
1.04999999999995
0.350000000000023
0.266666666666652
0.516666666666652
0.550000000000068
0.283333333333303
1.16666666666674