0.283333333333303
0.416666666666742
0.600000000000023
0.466666666666697
1.05000000000007
1.91666666666663
2.9666666666667
2.63333333333333
0.633333333333326
0.633333333333439
0.649999999999977
1.25
2.23333333333335
2.83333333333326
2.25
0.100000000000023
0.266666666666652
0.233333333333348
0.216666666666583
1.91666666666663
1.5
1.29999999999995
0.93333333333328
0.299999999999955
1.23333333333323

0.216666666666583
1.9666666666667
0.516666666666765
0.366666666666674
0.283333333333417
0.466666666666697
1.05000000000007
1.45000000000005
0.850000000000023
0.266666666666652
0.233333333333348
0.149999999999977
0.266666666666652
1.20000000000005
0.150000000000091
0.25
2.39999999999998
1.14999999999998

0.166666666666742
0.25
1.13333333333333
0.233333333333348
0.916666666666742
0.616666666666674
0.56666666666672
0.616666666666674
0.633333333333326
0.283333333333417
0.333333333333371
0.133333333333326
0.25
0.216666666666697
0.200000000000045

0.483333333333348
0.350000000000023
0.616666666666674
0.033333333333303
0.483333333333348
0.583333333333258
0.550000000000068
0.200000000000045
3
1.80000000000007
1.36666666666667
0.18333333333328
1.05000000000007
0.483333333333348
0.0666666666667197
0.716666666666697
0.350000000000023
0.31666666666672
0.700000000000045
0.333333333333258

1.03333333333353
0.166666666666742
1.13333333333321
1.45000000000005
0.349999999999909
0.533333333333303
2.13333333333321
0.166666666666742
0.316666666666606
0.983333333333348
0.849999999999909
0.316666666666606
1
0.71666666666647
5.76666666666665

1.39999999999998
0.25
1.7166666666667
0.0833333333333144
0.0833333333333144
0.899999999999977
0.449999999999989
0.0166666666666515
2.2166666666667
1.56666666666666
0.400000000000034
0.266666666666652
0.116666666666617
0.633333333333326
0.883333333333326
2.9666666666667
0.433333333333337

1.53333333333342
1.46666666666658
0.0499999999999545
0.116666666666674
0.199999999999932
0.166666666666742
0.0333333333334167
0.25
0.0833333333333712
0.116666666666674
0.300000000000068
0.383333333333326
0.333333333333258
0.116666666666674
0.383333333333326
0.0666666666667197
0.183333333333394
0.100000000000023
0.850000000000023
1.2166666666667
0.183333333333394
1.88333333333333
0.599999999999909
0.166666666666742
0.716666666666697
0.166666666666629
0.416666666666742
3.86666666666667
0.383333333333326
0.0666666666667197
0.966666666666583
0.100000000000023