732.066666666667
732.133333333333
733.25
734.283333333333
734.866666666667
735.316666666667
736.9
736.983333333333
737
738.033333333333
738.45
738.483333333333
739.333333333333
739.45
739.766666666667
741.783333333333
742.95
745.033333333333

749.133333333333
749.766666666667
750.283333333333
750.816666666667
751.516666666667
752.25
752.85
754.483333333333
758.433333333333
759.333333333333
759.8
759.816666666667
760.65
760.8
761.433333333333

715.083333333333
715.633333333333
715.683333333333
715.7
717.333333333333
717.75
720.783333333333
721.183333333333
722
722.25
722.683333333333
722.95
723.766666666667
724.233333333333
725.616666666667
726.4
728.5
728.7

690.25
690.416666666667
690.433333333333
690.466666666667
691.75
692.033333333333
692.416666666667
693.1
693.216666666667
696.166666666667
696.216666666667
698.916666666667
699.7
700.4
703.983333333333
704.266666666667
704.383333333333
707.116666666667
707.3
707.333333333333

734.9
736.7
736.733333333333
736.866666666667
737.4
740.133333333333
740.283333333333
740.55
741.183333333333
742.483333333333
742.683333333333
743.066666666667
744.016666666667
744.516666666667
745.55
746.016666666667
747.05
747.3
747.716666666667
747.833333333333
750.333333333333
750.9
751.933333333333
752.4
753.6
754.383333333333
756.766666666667
757.383333333333

1063.55
1064.36666666667
1066.03333333333
1066.5
1068.33333333333
1069.65
1070.11666666667
1070.36666666667
1071.23333333333
1081.78333333333
1083.9
1084.7
1086.4
1086.48333333333
1086.78333333333
1088.5
1088.76666666667
1089.43333333333
1090.35
1090.66666666667
1094.61666666667
1095.96666666667
1096.93333333333
1097.5
1098.96666666667
1103
1105.28333333333
1108.58333333333

346.483333333333
346.616666666667
347.8
350.666666666667
350.916666666667
351.116666666667
353.366666666667
360.05
360.916666666667
361.283333333333
362.216666666667

698
699.733333333333
699.85
700.1
701.6
702.433333333333
703.033333333333
703.633333333333
703.916666666667
705.216666666667
705.316666666667
706.716666666667
707.916666666667
708
711.366666666667
711.966666666667
712.716666666667
712.816666666667
713.983333333333
714.133333333333
716.25
716.6
716.783333333333

728.333333333333
729.066666666667
729.266666666667
730.766666666667
732.633333333333
733.466666666667
734.366666666667
734.583333333333
734.9
735.516666666667
735.966666666667
736.866666666667
736.916666666667
737.533333333333
738.516666666667
738.6
739.016666666667
741.75
742.133333333333
742.233333333333
742.866666666667
743.116666666667
744.383333333333
744.433333333333
744.516666666667
744.9
748.133333333333
749.616666666667
750.783333333333
751.533333333333
751.95
752.483333333333
753.433333333333
754.716666666667
755.55
756.583333333333
756.666666666667

